100 15
97 1071
1 5130
2 5859
3 5549
4 6861
5 5817
6 5893
7 6758
8 5351
9 6939
10 5464
11 5885
12 6610
13 6610
14 6328
15 5064
16 5903
17 5062
18 6864
19 5300
20 5515
21 5209
22 5280
23 6737
24 5380
25 6103
26 4906
27 5379
28 5149
29 6430
30 6412
32 4973
33 6037
34 6173
35 5672
36 5692
37 6884
38 6981
39 6178
40 6204
41 6661
42 5554
44 5798
45 6995
46 6365
47 5745
48 6609
49 5589
50 5167
51 6518
52 5166
53 6013
54 4920
55 5014
56 6405
57 5312
58 6771
59 4956
60 6555
61 5977
62 5077
63 4958
65 5694
66 6945
67 5716
68 6697
69 6982
70 5867
71 5126
72 6865
73 4983
74 5608
75 6398
76 5421
77 5943
78 5711
79 5641
80 5352
81 5108
82 5888
83 6826
84 6140
85 5586
86 5725
87 6267
88 5267
89 5560
90 5629
91 6062
92 6360
93 6799
94 5407
95 6961
96 6802
97 6554
98 6748
99 5334
100 6626
95 1269
1 4986
2 5626
3 5520
4 6797
5 5755
6 6548
7 5773
8 6268
9 5945
10 6884
11 5227
12 6119
13 6289
14 6500
15 5620
17 6452
18 6070
19 6232
20 5538
21 5444
22 6008
24 6199
25 5072
26 6708
27 6278
29 5734
30 6971
31 5461
32 6868
33 5461
34 5061
35 6006
36 5693
37 5819
38 6140
39 6285
40 6621
41 6738
42 5017
43 4921
44 5204
45 5408
46 5697
47 6555
48 5220
49 5969
50 5988
51 5866
52 5323
53 6095
54 5540
55 6351
56 6774
57 6635
58 5324
59 5767
60 5133
61 5278
62 6875
63 5069
64 5554
65 5340
67 6239
68 5728
69 6488
70 5058
71 4954
72 4908
73 5775
74 6480
75 4986
76 5682
77 6980
78 6111
79 5852
80 5693
81 6351
83 5274
84 6452
85 6706
86 5346
87 6650
88 5018
89 4920
90 5225
91 5797
92 5448
93 6771
94 6793
95 6325
96 5197
97 5634
98 6991
99 6027
100 5935
97 919
1 5327
2 5015
3 5495
4 5144
5 5038
6 5852
7 6282
8 5527
9 6028
10 5116
11 5142
12 5532
13 5039
14 6431
15 6114
16 5705
17 6756
18 5741
19 5510
20 6101
21 5649
22 6750
23 6586
24 6489
25 6388
27 6597
29 6034
30 6118
32 5591
33 5434
34 6625
35 6004
36 4902
37 6937
38 5855
39 6906
40 6442
41 6124
42 6049
43 6283
44 6518
45 6452
46 5803
47 5243
48 5503
49 6737
50 5997
51 6721
52 5962
53 6034
54 5268
55 5248
56 5448
57 6297
58 6215
59 6483
60 5771
61 5508
62 4987
63 6330
64 5534
65 6825
66 6707
67 5516
68 5096
69 5373
70 6027
71 5369
72 5352
73 5243
74 5380
75 5256
76 6336
77 5636
78 5670
79 5546
80 6531
81 6260
82 6405
83 6297
84 5366
85 5347
86 5863
87 6767
88 6880
89 6666
90 5482
91 5594
92 5814
93 5825
94 6830
95 5210
96 5200
97 6738
98 6765
99 4930
100 6345
100 1345
1 6020
2 5780
3 4982
4 5032
5 5806
6 5781
7 6760
8 5825
9 6669
10 6699
11 6588
12 6503
13 6461
14 5547
15 5873
16 5375
17 5754
18 5924
19 6562
20 6324
21 6351
22 6024
23 6155
24 5501
25 5950
26 5224
27 6877
28 5813
29 6903
30 5267
31 5396
32 6692
33 5518
34 5281
35 6770
36 6455
37 5826
38 6252
39 5236
40 6695
41 6204
42 5617
43 5023
44 6326
45 5265
46 6874
47 5445
48 5284
49 6631
50 5003
51 6824
52 5298
53 6508
54 6888
55 6004
56 5577
57 5004
58 6455
59 6189
60 6717
61 5398
62 6609
63 6625
64 6686
65 6058
66 5625
67 5073
68 5173
69 6685
70 6179
71 5441
72 6675
73 5179
74 5312
75 5448
76 6423
77 5975
78 5452
79 6514
80 6060
81 6468
82 5962
83 6026
84 6285
85 5917
86 6037
87 5774
88 5088
89 6879
90 5547
91 5710
92 5870
93 6540
94 6181
95 4942
96 5819
97 5907
98 5286
99 6554
100 5463
95 1033
2 6131
3 5983
4 5199
5 4998
6 6397
7 5260
8 6795
9 5170
10 6128
11 5923
12 6845
13 5464
14 5297
15 6897
16 6260
17 6467
18 5261
19 6576
20 6088
21 5673
22 6693
23 5562
24 6931
25 5231
26 5658
27 6254
28 6690
29 6540
30 6663
31 5113
32 5207
33 5961
34 6816
35 6542
36 5484
37 6698
38 6387
39 5235
40 5324
41 5108
43 5238
44 5008
45 6137
46 5507
47 6368
48 5961
49 6223
50 6592
51 6003
52 5389
54 6154
55 6054
56 5994
57 6884
58 6016
60 6533
61 6761
62 6543
63 5488
64 6749
65 6151
66 6154
67 6517
68 6755
69 5412
70 6109
72 5732
73 6766
74 6302
75 4948
76 6025
77 4923
78 5398
79 6213
80 6627
81 5926
82 5161
83 6146
84 6542
85 6452
86 5360
87 5433
88 5438
89 6357
90 6065
91 5939
92 6008
93 5558
94 6138
95 6103
96 6378
97 5827
98 5908
99 5840
100 5952
98 1045
1 5822
2 6571
3 5703
4 5437
5 6572
6 5914
7 5079
8 6711
9 5869
10 5898
11 6782
12 5473
13 5118
14 5310
15 5479
16 6074
17 6668
18 6773
19 6926
21 5384
22 5589
23 5578
24 5276
25 6464
26 5231
27 6919
28 6209
29 6979
30 5545
31 6263
32 6162
33 5585
34 6228
35 5196
36 6289
37 6095
38 6639
39 5363
40 5720
41 6644
42 6414
43 6768
44 6272
45 5135
46 5812
47 4973
48 6861
49 5813
50 5933
51 5196
52 5239
53 6554
54 6122
55 5143
57 6665
58 5381
59 6469
60 6879
61 6840
62 5248
63 5397
64 5968
65 6098
66 6673
67 5612
68 6285
69 4931
70 5193
71 6424
72 6390
73 5872
74 6102
75 6718
76 6295
77 5756
78 6075
79 5549
80 6950
81 5380
82 5518
83 6476
84 5071
85 6212
86 5866
87 5399
88 5380
89 6880
90 6448
91 6163
92 5462
93 5151
94 6255
95 5750
96 6370
97 6625
98 5321
99 6080
100 6177
96 1388
1 6201
2 6208
3 5062
4 6785
5 5717
6 6078
7 6846
8 5437
9 6675
11 5553
12 6936
13 5314
14 5422
15 5686
16 5672
17 6578
18 5207
19 6485
20 6150
21 5396
22 5881
24 6468
25 5387
26 5374
27 5548
28 6866
29 5132
30 6821
31 5304
32 5775
33 6138
34 5254
35 5648
36 5770
37 6711
38 6065
39 6407
40 6999
41 6702
42 6014
43 5249
44 5343
45 5680
46 6297
47 6649
48 5195
49 6453
50 6948
51 5702
52 6324
53 5447
54 6787
55 6857
57 6974
58 6135
59 5780
60 5212
61 5218
62 5285
63 5972
64 5507
65 5939
66 5078
67 5637
68 5579
69 6425
70 4997
72 5963
73 4947
74 5920
75 5785
76 5651
77 5997
78 5544
79 5621
80 6358
81 6555
82 6716
83 4950
84 5906
85 6581
86 5260
87 6654
88 5612
89 5254
90 6644
91 5493
92 5038
93 6368
94 6038
95 6469
96 5959
97 5286
98 6594
99 5246
100 5222
97 1364
1 5940
2 5165
3 6491
4 6673
5 5432
6 5976
7 4990
8 4998
9 5141
11 6030
12 6710
13 5259
14 6348
15 6587
16 4930
17 6369
18 6601
19 6762
20 5567
21 6557
22 5102
23 5497
25 5638
26 6378
27 5643
28 5543
29 5913
30 5441
31 5595
32 5168
33 4936
34 6239
35 5522
36 5460
37 6896
38 5134
39 6408
41 6649
42 6687
43 4977
44 6742
45 6400
46 4914
47 5974
48 5248
49 6847
50 6906
51 5064
52 6423
53 5132
54 6089
55 6270
56 5764
57 5673
58 6476
59 5151
60 6606
61 5152
62 5183
63 5062
64 6566
65 6945
66 6980
67 6642
68 6975
69 5498
70 6823
71 6884
72 5991
73 6198
74 6242
75 6855
76 5052
77 5214
78 6061
79 5174
80 4946
81 6593
82 6719
83 6836
84 6648
85 5815
86 6757
87 5068
88 6774
89 5691
90 6313
91 5847
92 6964
93 6205
94 6355
95 6706
96 6640
97 6750
98 6525
99 6943
100 6389
95 990
1 6056
2 5544
3 6900
4 6106
5 5811
6 6012
7 4965
8 6964
9 6735
10 5833
11 6293
12 5858
13 5580
14 4923
15 6707
16 6706
17 5483
18 5372
19 5076
20 6857
21 6953
22 6420
23 5051
24 6551
25 5711
26 6292
27 5560
28 5811
29 6241
30 6211
31 5475
33 5355
34 5589
35 6189
36 6392
37 6210
38 5356
39 5716
40 5655
41 6605
42 5391
43 5846
44 6648
45 5417
46 6033
47 6375
48 6183
49 6607
50 5139
52 6228
53 6951
54 6554
55 6744
56 6200
57 6435
58 5277
59 6111
60 5716
61 6166
62 5815
63 6096
64 5882
65 5652
66 6018
67 5751
68 5414
69 5525
70 5403
71 5063
72 6936
73 6468
74 6289
76 5299
77 6931
78 4944
79 6623
80 5676
81 6098
82 5769
83 6445
84 5662
85 6668
86 5873
87 5860
88 6954
89 5290
91 5012
92 6810
93 5743
95 6765
96 6729
97 5802
98 5093
99 6986
100 5533
98 1361
1 5950
2 6729
3 5108
4 5410
5 6051
6 6876
7 5482
8 5455
9 5343
10 6036
11 5807
12 5106
13 5849
14 5753
15 5267
16 5555
17 6762
18 5722
19 4940
20 6576
21 6075
22 5904
23 6542
24 5027
25 6751
26 5248
27 6916
28 6561
29 5180
30 6998
31 5966
32 5202
33 4904
34 5462
35 5091
36 6879
37 5658
38 5657
39 5589
40 6418
41 5318
42 6185
43 6044
44 5511
45 6119
46 6553
47 5122
48 5673
49 4900
50 5283
51 6277
52 5744
53 6378
54 5410
55 6853
56 6568
57 6574
58 6922
59 4996
60 6544
62 6878
63 5423
64 6395
65 6662
66 6468
67 6778
68 5299
69 4921
70 6084
71 6288
72 5472
73 6073
74 5864
75 6053
76 6948
77 6545
78 6094
79 6066
80 6917
81 6330
82 6637
83 5535
84 5437
85 5693
86 5091
87 5930
88 6699
89 6180
90 6575
91 6129
92 6559
93 6641
95 5297
96 6201
97 6603
98 6852
99 5569
100 5619
99 1154
1 5358
2 6448
3 6339
4 5863
5 6229
6 5238
7 6703
8 5741
9 5727
10 5412
11 6158
12 6415
13 6270
14 5616
15 6789
16 6350
17 6296
18 5720
19 5951
20 5721
21 5783
22 6145
23 5251
24 5515
25 6200
26 6412
27 5594
28 6433
29 6109
30 6208
31 5062
32 6504
33 5961
34 5887
35 5034
36 5335
37 5153
38 5633
39 6276
40 5839
41 6401
42 5096
43 6227
44 5089
45 6427
46 5142
47 5320
48 6414
49 6404
50 5783
51 6128
52 5546
53 6581
54 6068
55 6923
56 6996
57 6396
58 6704
59 5802
60 6454
61 5641
62 5077
63 6463
64 5741
65 5854
66 4980
67 5177
68 6894
69 5322
70 6501
71 4935
72 6362
73 6023
74 6598
75 5534
76 5396
77 4980
78 5279
79 5658
80 6812
81 6526
82 6554
83 5208
84 6745
85 5846
86 5730
87 4908
88 5533
89 6994
90 5321
91 6789
92 5748
93 6282
94 5095
95 6803
96 6714
97 6824
98 5161
99 5995
95 974
1 6818
2 5445
3 5134
4 6135
5 6211
6 5677
7 6010
8 6424
9 6724
10 5703
11 4982
12 6791
13 5865
14 5261
15 6843
16 5736
17 6249
18 5244
19 5961
20 5609
21 6615
22 4915
23 5395
24 5742
25 6110
26 5680
27 6926
28 5495
29 5005
30 6780
31 5733
34 6560
35 5942
36 5534
37 6379
38 6418
39 5733
40 5811
41 4931
42 4951
43 6950
44 6893
46 6894
47 6286
48 6796
49 5992
50 6687
51 6931
52 5558
53 5839
54 5726
55 5381
56 5014
57 6018
58 5665
59 6128
61 5534
62 5273
63 6145
64 5850
65 5315
66 5449
67 5566
68 5180
69 6720
70 6670
71 5185
72 6575
73 6164
74 5590
75 6847
76 6495
77 5727
78 6383
79 6758
80 5284
81 5412
82 5410
83 5929
85 6725
86 5861
87 6475
88 6672
89 6391
90 5110
91 5624
92 6213
93 5843
94 6098
95 6413
96 6806
97 5624
98 6991
99 5919
100 5109
100 1476
1 6122
2 5992
3 6930
4 6189
5 6134
6 5524
7 6276
8 5974
9 6148
10 5018
11 6639
12 5906
13 5072
14 5594
15 5457
16 6615
17 5230
18 6635
19 5240
20 6091
21 5382
22 5826
23 6645
24 6384
25 6378
26 5172
27 6061
28 6991
29 6700
30 5300
31 5541
32 6543
33 6871
34 5129
35 5142
36 6548
37 5656
38 5404
39 5631
40 6957
41 5446
42 6167
43 6534
44 5513
45 4966
46 5830
47 6130
48 6096
49 5701
50 5312
51 5860
52 6124
53 5529
54 5790
55 5919
56 6131
57 5408
58 6077
59 5133
60 5935
61 5099
62 5518
63 6880
64 6210
65 5677
66 5555
67 6767
68 6851
69 5932
70 5709
71 5983
72 5447
73 6947
74 6422
75 5580
76 5714
77 6299
78 6166
79 6773
80 5112
81 5908
82 5756
83 5470
84 5078
85 5708
86 5946
87 5767
88 5977
89 6860
90 6301
91 5668
92 5318
93 5423
94 5704
95 5102
96 5334
97 5106
98 6917
99 5957
100 4908
94 1087
1 5946
2 6972
3 6128
4 6025
5 6747
6 5487
7 6978
8 4928
9 6173
10 6336
11 5767
12 6005
13 6473
14 6460
15 6945
16 5487
17 6378
18 6579
19 6474
20 5938
21 6894
22 6549
23 5033
24 6513
25 5970
26 6390
27 6036
28 6122
29 5728
30 6278
31 5383
32 6833
33 5629
34 6759
35 5897
36 5076
37 4988
38 6061
40 6373
41 5184
42 6958
43 6712
44 6064
45 5951
46 5623
47 5104
48 6662
49 6507
50 5905
51 6114
52 6632
53 5846
54 5297
55 6773
56 5213
58 5547
59 6209
60 6967
61 6033
62 5323
63 6558
64 5387
65 6016
66 6691
67 5860
68 5530
69 6945
70 6946
71 6427
73 5350
74 5113
75 5280
76 6387
77 6449
78 6474
79 6934
80 6881
81 6761
82 6766
83 5263
85 6650
86 5375
87 5337
88 5500
89 5523
90 6137
93 5590
94 6908
95 5497
96 5967
97 6873
98 6534
99 6800
100 6143
97 945
1 6694
2 5976
3 5710
4 6075
5 6977
6 5729
7 5034
8 5245
9 5491
11 5533
12 4923
13 6056
14 5987
15 5927
16 5507
17 6563
18 6197
19 5220
20 4956
21 5364
22 5563
23 5018
24 6298
25 5158
26 5052
27 5458
28 4947
29 6698
30 5888
31 6285
32 5100
33 5465
34 5009
35 5169
36 6916
37 5740
38 5048
39 5299
40 6365
41 6821
42 4966
43 6771
44 5346
45 6535
46 6005
47 6239
48 6721
49 6107
50 6383
51 5435
52 6280
53 5182
54 5977
55 5287
56 6484
57 6862
58 4916
59 5590
60 6702
61 5737
62 5173
63 6613
64 5656
65 6967
66 6169
67 6447
68 6142
69 5382
70 5614
71 6153
73 6198
74 6355
75 5695
76 5325
77 4997
78 5029
79 5720
80 6456
81 6015
82 4918
83 5172
84 5494
86 5774
87 5764
88 5536
89 6451
90 5842
91 6845
92 5192
93 5850
94 6859
95 5228
96 5110
97 5882
98 5062
99 6662
100 5244
