99 2
74 3925
2 95
3 91
4 40
5 35
6 99
7 80
8 96
10 46
11 73
12 97
13 36
14 93
15 49
16 45
19 18
20 24
21 88
22 41
23 43
24 63
25 97
26 90
28 69
30 27
32 67
34 67
36 35
37 33
38 22
39 58
40 13
41 16
42 41
43 36
44 81
45 74
46 46
49 27
52 63
53 91
54 95
55 48
56 29
58 28
59 34
60 38
61 74
63 22
65 84
66 15
69 13
70 69
72 100
73 89
74 96
76 38
77 10
78 51
79 27
80 52
81 27
82 43
83 22
87 51
88 29
89 33
90 33
92 53
93 18
95 50
96 80
97 73
98 53
99 21
80 1228
1 75
3 14
4 69
5 100
6 27
8 92
9 77
11 13
12 77
13 36
15 16
17 52
18 55
19 82
23 63
24 35
25 24
27 44
28 19
29 43
30 55
31 77
32 23
33 40
35 81
36 63
37 16
38 96
39 71
41 64
42 37
43 10
44 33
45 64
46 85
47 28
48 82
49 43
50 30
51 20
53 89
54 21
55 97
56 72
57 81
59 70
60 27
61 63
62 30
63 99
64 26
65 81
66 42
67 37
68 29
69 33
71 14
72 37
73 44
75 15
76 40
77 71
79 94
80 47
81 77
84 41
85 93
86 56
87 49
88 26
89 26
90 96
91 99
93 90
94 74
95 57
96 100
97 43
98 10
99 34
