100 2
72 1234
1 35
2 95
3 49
4 41
5 18
6 61
7 57
9 69
10 86
12 45
13 58
14 96
15 63
17 56
18 37
19 99
21 88
23 23
24 10
25 99
28 91
29 33
30 13
31 97
33 65
34 12
38 79
41 11
42 66
43 31
44 60
45 78
46 31
47 85
49 69
50 80
53 16
54 82
55 46
57 25
58 41
59 93
60 37
62 77
63 97
64 31
65 42
67 32
69 66
70 48
71 100
72 55
73 88
75 34
76 12
77 16
78 49
80 29
81 53
82 28
83 22
87 53
88 70
90 35
91 14
92 45
93 91
94 96
95 11
96 40
97 35
98 44
83 9267
1 69
2 54
3 53
4 10
5 48
6 45
7 100
8 91
10 89
11 23
12 15
15 77
16 65
17 83
18 23
20 93
22 15
23 67
24 60
26 37
27 83
28 89
29 37
30 50
31 66
32 78
34 64
35 45
36 73
37 30
39 77
40 48
41 28
42 67
43 83
45 93
48 85
49 19
50 89
51 15
52 11
53 67
54 39
55 31
56 58
57 14
58 32
59 80
60 72
61 12
62 35
63 59
65 46
66 23
68 64
70 85
71 23
72 76
73 78
74 24
75 34
76 86
77 88
78 33
79 50
80 87
81 54
84 82
85 29
86 53
87 90
88 93
89 72
90 72
91 29
93 29
94 34
95 54
96 24
97 91
98 68
99 48
100 34
