100 2
73 3403
1 88
4 74
5 89
6 46
7 11
8 73
9 98
11 54
12 46
13 18
16 84
17 93
21 84
22 52
23 53
25 52
26 67
27 31
28 58
29 15
30 79
31 48
32 32
33 27
34 29
35 25
36 84
37 31
38 59
39 28
41 74
42 20
43 98
44 93
45 31
46 87
48 23
51 29
52 96
54 32
55 37
56 24
58 43
59 94
61 11
62 68
63 31
64 58
65 95
68 34
69 55
70 13
71 26
72 64
73 81
74 35
75 63
76 67
77 23
79 78
80 27
82 58
83 98
85 49
88 28
89 81
91 54
92 66
93 99
94 66
97 70
99 36
100 94
76 8860
1 39
2 60
3 12
6 19
8 19
9 76
10 81
11 67
12 20
13 51
14 87
15 62
18 42
19 26
20 92
21 71
22 82
24 27
25 65
27 91
28 38
29 54
32 44
34 51
35 14
36 70
37 24
38 82
40 41
41 37
42 41
43 38
45 46
46 49
47 85
48 49
49 11
50 34
51 43
52 22
53 79
55 94
56 92
57 96
58 58
59 44
60 58
61 36
62 43
65 21
66 56
67 98
71 49
72 73
73 49
74 31
75 50
77 73
78 39
79 12
80 51
81 48
83 84
84 70
85 25
86 59
87 69
90 98
91 90
93 65
94 27
95 64
96 63
98 72
99 38
100 30
