60 12
46 48
1 809
2 670
3 649
5 737
6 944
7 734
8 852
10 906
11 989
12 991
13 682
14 703
16 703
17 709
18 843
19 633
20 673
21 624
22 707
23 930
24 764
25 655
27 914
28 640
29 710
30 883
31 982
32 737
33 655
35 668
37 794
39 762
41 609
44 935
46 818
47 640
48 930
50 661
51 971
52 628
55 759
56 658
57 723
58 793
59 617
60 860
44 58
1 936
2 630
3 934
4 959
5 640
6 849
11 761
12 925
13 916
14 827
16 931
17 795
18 830
19 802
20 936
22 601
23 834
25 964
26 985
27 772
28 732
30 914
31 676
32 686
33 641
34 834
35 619
36 719
37 794
38 715
39 686
40 788
41 856
43 619
44 736
47 961
50 712
51 998
55 764
56 927
57 628
58 752
59 841
60 778
47 85
1 612
2 836
4 956
5 816
6 669
7 733
8 967
9 794
10 945
11 617
12 752
13 997
14 992
15 876
16 643
17 965
18 677
19 888
21 695
22 675
23 629
25 740
26 901
27 803
28 894
30 878
31 609
32 767
34 648
36 828
39 980
40 771
42 665
43 853
44 731
45 997
46 613
48 797
50 803
51 966
52 928
53 998
54 996
56 608
57 918
59 673
60 875
46 66
2 834
3 794
4 628
5 616
6 730
7 918
8 799
10 913
11 606
12 704
13 768
14 727
19 659
20 636
21 604
22 817
23 780
24 894
25 994
26 984
27 697
29 908
31 733
32 843
33 957
35 603
36 994
37 646
38 864
39 796
40 675
42 832
43 903
44 647
45 974
48 753
49 710
50 976
52 759
53 750
54 658
55 714
57 900
58 851
59 822
60 945
43 89
1 761
2 700
3 950
4 848
5 934
7 666
8 677
9 706
11 937
12 997
13 665
14 704
17 782
19 794
20 932
22 968
23 825
24 723
28 871
31 960
32 872
33 706
35 634
36 950
37 709
39 796
40 861
43 964
44 620
45 861
46 619
48 638
49 785
50 604
52 711
53 949
54 862
55 869
56 649
57 763
58 955
59 804
60 805
48 121
2 767
3 632
4 729
5 691
6 871
7 899
8 674
10 883
11 702
12 690
13 659
14 900
15 994
16 835
17 768
19 888
20 868
21 725
23 787
24 974
25 650
26 711
27 641
28 723
29 996
30 646
31 845
32 884
33 684
34 969
35 893
36 643
37 829
38 894
39 617
42 660
44 974
45 727
46 656
48 964
49 611
50 930
52 687
54 672
55 864
56 733
59 618
60 772
45 129
2 919
4 983
5 734
6 836
8 609
9 677
10 773
11 928
12 813
13 770
14 989
16 964
17 843
18 817
19 942
20 640
21 659
22 889
23 951
25 766
27 781
28 831
30 914
32 928
33 811
36 801
37 777
38 967
39 659
41 870
42 779
43 981
44 710
45 850
46 969
48 794
49 813
50 996
51 643
52 610
53 636
54 941
56 685
57 808
59 912
48 100
1 827
2 626
3 697
4 667
5 643
7 613
8 782
10 930
11 921
12 902
13 969
15 643
16 683
17 680
18 606
20 904
21 758
24 982
26 771
27 993
28 698
29 982
31 614
32 815
33 873
34 744
35 921
36 943
37 617
38 660
39 638
40 992
41 819
43 965
44 857
45 619
47 903
48 681
49 933
50 902
51 695
52 760
53 625
55 996
56 932
57 924
58 823
59 898
46 57
1 916
2 937
3 667
4 807
5 759
6 792
7 916
8 974
11 617
12 740
13 654
15 771
16 868
17 746
18 910
19 885
20 765
22 880
23 916
25 744
26 768
28 663
30 784
33 765
35 666
36 737
38 860
40 614
41 691
42 786
43 970
44 654
45 785
46 997
47 892
48 639
49 994
50 886
51 724
52 764
54 809
55 981
56 708
57 940
59 870
60 722
46 109
2 953
3 702
4 648
5 830
6 952
7 821
10 666
11 622
12 966
14 849
15 711
16 642
18 710
20 938
21 809
22 966
24 951
26 838
27 807
28 990
29 778
30 881
31 702
32 846
34 728
35 661
36 648
37 910
38 781
39 681
40 913
41 876
42 956
43 726
44 773
45 936
46 999
47 666
48 604
49 733
52 721
54 893
55 652
56 782
57 846
59 711
51 128
1 860
3 845
4 675
5 934
6 618
7 803
8 921
10 977
11 985
12 928
13 862
14 762
15 949
16 986
17 625
19 717
21 839
22 784
23 918
24 736
25 623
26 657
27 823
28 716
29 604
30 913
31 982
32 969
33 812
34 945
35 858
36 979
37 771
38 831
39 693
40 693
41 967
42 620
43 921
44 803
45 601
46 719
48 804
50 958
51 717
52 797
55 918
57 809
58 921
59 754
60 663
47 51
2 935
4 887
5 958
6 846
8 630
9 769
11 970
12 959
14 622
15 630
16 887
17 997
18 610
19 867
20 946
21 763
22 952
23 834
25 910
26 703
27 931
28 723
29 996
30 622
31 774
32 725
33 662
36 720
37 656
38 820
39 893
40 865
41 622
42 843
43 970
46 802
47 814
48 952
49 815
50 736
51 758
54 615
55 993
56 622
57 641
59 790
60 825
